2 0.35947010869565216 0.4569565217391304 0.4005570652173914 0.9069293478260869
2 0.5634782608695652 0.5084510869565217 0.07876358695652177 0.2917663043478261
2 0.9130570652173913 0.5079483695652174 0.14126358695652177 0.2985190217391305
1 0.431875 0.07456521739130434 0.14940217391304353 0.12660326086956522
1 0.551304347826087 0.3845108695652174 0.04275815217391308 0.03611413043478266
1 0.9027173913043478 0.3695516304347826 0.05847826086956517 0.03725543478260864
4 0.3655978260869565 0.3203804347826087 0.21872282608695653 0.35427989130434784
4 0.5599592391304348 0.46847826086956523 0.04843749999999997 0.10699728260869565
4 0.8870108695652175 0.4472961956521739 0.06976902173913031 0.09180706521739138
0 0.3158423913043478 0.3988722826086956 0.0997961956521739 0.07646739130434779
0 0.4813722826086957 0.39717391304347827 0.0504076086956522 0.07697010869565214
5 0.24573369565217393 0.8828668478260869 0.08767663043478258 0.10114130434782616