2 0.5281929347826086 0.44502202643171807 0.4924320652173914 0.5825550660792952
2 0.8940489130434782 0.42666079295154186 0.21190217391304353 0.312352422907489
1 0.458125 0.19037885462555068 0.11451086956521736 0.06005286343612337
1 0.8508559782608696 0.3230660792951542 0.11872282608695667 0.07874008810572687
3 0.4735733695652174 0.22448458149779735 0.08407608695652173 0.030898678414096912
0 0.4539809782608696 0.4608193832599119 0.10135869565217394 0.06249339207048464
0 0.6786820652173913 0.3350132158590308 0.05605978260869564 0.04274889867841408
0 0.8561277173913043 0.5439030837004406 0.06145380434782611 0.06303083700440526
5 0.5511956521739131 0.6888281938325992 0.1398505434782608 0.06521585903083699
5 0.6978125000000001 0.7031982378854625 0.12926630434782616 0.041647577092511
5 0.9602581521739131 0.5618502202643172 0.07947010869565219 0.05881938325991189