2 0.33426573426573425 0.463837890625 0.40622377622377626 0.7469140625000001
2 0.7561188811188811 0.4775390625 0.48776223776223776 0.658203125
1 0.2795979020979021 0.144560546875 0.20949300699300696 0.10184570312500002
1 0.7594755244755245 0.202216796875 0.2309965034965035 0.10322265625000002
0 0.21743006993006994 0.48371093750000005 0.12012237762237758 0.06399414062500003
0 0.21141608391608394 0.34287109375 0.06557692307692306 0.04359374999999999
0 0.5400524475524476 0.473505859375 0.04374125874125871 0.07155273437499998
3 0.26676573426573424 0.19962890625 0.1545104895104895 0.026699218749999976
5 0.3842657342657343 0.77806640625 0.22666083916083912 0.16431640625
5 0.2942132867132867 0.769267578125 0.14944055944055948 0.12801757812499992
5 0.6763811188811188 0.730517578125 0.1355594405594405 0.14566406250000008
5 0.8027447552447553 0.74119140625 0.09727272727272725 0.12208007812499999