0 0.416015625 0.5476888020833334 0.016493055555555556 0.023763020833333332
0 0.4503038194444444 0.4871419270833333 0.009982638888888888 0.017903645833333332
4 0.4886067708333333 0.53076171875 0.07096354166666667 0.13899739583333334
5 0.4903428819444444 0.7197265625 0.026692708333333332 0.0390625
5 0.5200737847222222 0.7662760416666666 0.041015625 0.029296875
5 0.6482204861111112 0.6901041666666666 0.03819444444444445 0.029296875
5 0.6781684027777778 0.6767578125 0.018663194444444444 0.022135416666666668
1 0.4584418402777778 0.4366861979166667 0.031032986111111112 0.038736979166666664
1 0.6549479166666666 0.3759765625 0.038628472222222224 0.039713541666666664
4 0.6659071180555556 0.5406901041666666 0.06401909722222222 0.2747395833333333
2 0.4760199652777778 0.6005859375 0.13780381944444445 0.3802083333333333
2 0.6640625 0.5279947916666666 0.08463541666666667 0.3580729166666667