0 0.7863377271107944 0.7869006161264399 0.11453509084431777 0.11170640235735334
0 0.7400249376558603 0.7023841414412001 0.07605985037406483 0.15429949102598448
0 0.3386177413608835 0.7381462630592017 0.07125044531528323 0.1690329493704795
1 0.3944602778767367 0.24953120814358426 0.1127538297114357 0.20653629788373962
1 0.687477734235839 0.3648540048218591 0.12094763092269327 0.23841414412001072
1 0.6531884574278589 0.5199571390302705 0.0309939437121482 0.04178944548620413
1 0.5595831848949055 0.5302705598714171 0.027253295333095832 0.044736137155103134
1 0.4390808692554328 0.5334851326011251 0.023156394727467045 0.03723546745245111
1 0.41227288920555755 0.5345566568443612 0.026184538653366583 0.04580766139833914
2 0.2832205201282508 0.5408518617733726 0.33238332739579624 0.8148941869809805
2 0.7942643391521197 0.6218858826680954 0.33879586747417173 0.7556924725421913