2 0.25038020833333335 0.7374296875 0.09829340277777779 0.3848359374999999
2 0.4230798611111111 0.7202213541666667 0.06138194444444452 0.19937760416666658
2 0.5377638888888889 0.5901692708333334 0.06852777777777783 0.2048958333333334
2 0.597359375 0.5119036458333334 0.04188368055555555 0.19940885416666662
2 0.6430659722222222 0.46546875000000004 0.04301909722222222 0.15341406249999998
2 0.7226510416666667 0.403265625 0.035524305555555614 0.0810911458333333
1 0.28275 0.5660130208333333 0.03943229166666669 0.030070312500000067
1 0.43035590277777774 0.6278984375000001 0.023736111111111156 0.028921875000000104
1 0.5249982638888888 0.5040494791666666 0.021480902777777703 0.020651041666666713
1 0.5909756944444444 0.43171614583333334 0.017409722222222177 0.01131510416666662
1 0.64328125 0.40235937499999996 0.020699652777777702 0.012976562499999981
4 0.26729166666666665 0.6351223958333333 0.05570833333333335 0.1037447916666667
4 0.41818750000000005 0.6750442708333334 0.035487847222222195 0.07324479166666673
4 0.5186753472222223 0.5498072916666668 0.037982638888888844 0.0538723958333333
4 0.589640625 0.4675963541666667 0.02861979166666673 0.04559635416666671
4 0.6360868055555555 0.4395104166666667 0.03129687500000008 0.05396614583333334
4 0.71575 0.3895416666666666 0.024062500000000063 0.03105989583333333
2 0.32582118055555553 0.7563645833333333 0.03813020833333335 0.24838020833333327
0 0.43809375 0.6631927083333333 0.02116666666666668 0.024562499999999925
0 0.5639357638888889 0.524328125 0.016076388888888953 0.021653645833333297
0 0.6671527777777778 0.41061197916666664 0.008762152777777822 0.014908854166666667
5 0.21610069444444444 0.8635729166666667 0.021335069444444424 0.06721874999999997
5 0.4297725694444444 0.8175416666666667 0.018404513888888925 0.02512760416666661
5 0.402171875 0.8563255208333334 0.024276041666666654 0.027744791666666657
5 0.5245677083333333 0.6876041666666667 0.02200694444444448 0.021330729166666628
5 0.6009878472222222 0.5864765625 0.022168402777777707 0.02311458333333339
5 0.6441979166666667 0.5247161458333334 0.01281944444444447 0.0140989583333333