5 0.5361685214626392 0.6361287758346582 0.016163222045574986 0.04054054054054054
5 0.5101351351351351 0.678060413354531 0.022655007949125595 0.030206677265500796
5 0.4510466348701643 0.6705087440381559 0.022919978802331743 0.022257551669316374
5 0.4034181240063593 0.6879968203497615 0.025172231054583997 0.031399046104928455
2 0.5227212506624271 0.48221383147853736 0.11221515633280339 0.4016295707472178
2 0.42507949125596184 0.4955286168521463 0.10347111817700053 0.40639904610492844
4 0.5158320084790673 0.42309220985691576 0.06717011128775835 0.1573926868044515
4 0.42792792792792794 0.42358903020667726 0.08028616852146264 0.1345389507154213
1 0.5093402225755167 0.3075317965023847 0.04464758876523582 0.0435214626391097
1 0.4345521992580816 0.31339427662957076 0.04769475357710652 0.0397456279809221
0 0.4797959724430313 0.49493243243243246 0.015500794912559618 0.04193163751987281
0 0.402888182299947 0.49751589825119236 0.02066772655007949 0.030007949125596185