1 0.85053125 0.32116666666666666 0.13715625000000006 0.1676296296296296
1 0.40171874999999996 0.4369444444444444 0.1356875 0.17383333333333334
4 0.8744791666666667 0.7722222222222223 0.25104166666666666 0.45555555555555555
1 0.6119166666666668 0.07959259259259259 0.13037500000000007 0.1524074074074074
1 0.15331250000000002 0.08285185185185184 0.11509375000000001 0.1497222222222222
4 0.619125 0.5465185185185185 0.24664583333333331 0.5992037037037036
4 0.41812499999999997 0.840537037037037 0.2636458333333333 0.318925925925926
4 0.15577083333333333 0.5276296296296297 0.21578125000000004 0.4832592592592591
2 0.80403125 0.6203703703703703 0.3919375 0.7592592592592593
2 0.62103125 0.5020555555555556 0.3546250000000001 0.9958888888888888
2 0.378125 0.6768518518518518 0.3020833333333333 0.6462962962962963
2 0.15519791666666669 0.5051481481481481 0.2725 0.9897037037037038